world: 1a74786a-fc9a-4b08-9c45-a8fdcc3a7581
world-name: arena
x: 0.7943487977328728
y: 62.0
z: 0.4053697869225429
yaw: -90.63619995117188
pitch: 1.0992976427078247
name: arena
lastowner: 1f94f176-d12e-4907-86fb-439e3fb36d02
