world: 20671814-84e0-47f8-8068-22aae5cf773e
world-name: spawn
x: -758.5450477231318
y: 61.0
z: -220.30000001192093
yaw: -0.55133056640625
pitch: 8.818185806274414
name: auctions
lastowner: 1f94f176-d12e-4907-86fb-439e3fb36d02
