world: 20671814-84e0-47f8-8068-22aae5cf773e
world-name: spawn
x: -717.8272920551403
y: 66.0
z: -258.2838827709433
yaw: -134.0501708984375
pitch: 0.420087993144989
name: crate
lastowner: 1f94f176-d12e-4907-86fb-439e3fb36d02
