world: 20671814-84e0-47f8-8068-22aae5cf773e
world-name: spawn
x: -712.1235261659243
y: 61.0
z: -225.23999117438805
yaw: -60.98655700683594
pitch: 4.311653137207031
name: crates
lastowner: 1f94f176-d12e-4907-86fb-439e3fb36d02
