world: 20671814-84e0-47f8-8068-22aae5cf773e
world-name: spawn
x: -762.1208329954611
y: 61.0
z: -228.69999998807907
yaw: -179.9514617919922
pitch: 7.468171119689941
name: shop
lastowner: 1f94f176-d12e-4907-86fb-439e3fb36d02
