world: 20671814-84e0-47f8-8068-22aae5cf773e
world-name: spawn
x: -732.5
y: 62.0
z: -227.5
yaw: -178.8165740966797
pitch: 3.025726318359375
name: spawn
lastowner: 1f94f176-d12e-4907-86fb-439e3fb36d02
