spawns:
  default:
    world: 20671814-84e0-47f8-8068-22aae5cf773e
    world-name: spawn
    x: -732.6473319457772
    y: 62.0
    z: -227.3872975534983
    yaw: -178.8165740966797
    pitch: 3.025726318359375
